 37 | 48 | 59 | 70 | 81 |  2 | 13 | 24 | 35
----+----+----+----+----+----+----+----+----
 36 | 38 | 49 | 60 | 71 | 73 |  3 | 14 | 25
----+----+----+----+----+----+----+----+----
 26 | 28 | 39 | 50 | 61 | 72 | 74 |  4 | 15
----+----+----+----+----+----+----+----+----
 16 | 27 | 29 | 40 | 51 | 62 | 64 | 75 |  5
----+----+----+----+----+----+----+----+----
  6 | 17 | 19 | 30 | 41 | 52 | 63 | 65 | 76
----+----+----+----+----+----+----+----+----
 77 |  7 | 18 | 20 | 31 | 42 | 53 | 55 | 66
----+----+----+----+----+----+----+----+----
 67 | 78 |  8 | 10 | 21 | 32 | 43 | 54 | 56
----+----+----+----+----+----+----+----+----
 57 | 68 | 79 |  9 | 11 | 22 | 33 | 44 | 46
----+----+----+----+----+----+----+----+----
 47 | 58 | 69 | 80 |  1 | 12 | 23 | 34 | 45
Elementul maxim din matrice= 81
Elementul minim din matrice= 1
Numarul de elemente pare= 40
elementele pare=[I@6770526a
Numarul de elemente impare= 41
Elementele impare= [I@7f32e233
Numarul de patrate perfecte= 0
Suma matrice= 3321
ok

